0 0.960773 0.470833 0.0175644 0.0875 0.95
0 0.684426 0.739583 0.0503513 0.1125 0.95
1 0.0456674 0.386458 0.0351288 0.04375 0.95
1 0.441452 0.346875 0.0983607 0.0895833 0.95
1 0.242974 0.358333 0.0854801 0.075 0.95
0 0.339578 0.705208 0.124122 0.185417 0.95
1 0.357143 0.367708 0.154567 0.11875 0.95
1 0.609485 0.342708 0.0925059 0.102083 0.95

0 0.683841 0.738542 0.0515222 0.114583 0.95
1 0.0468384 0.385417 0.0351288 0.0458333 0.95
1 0.444379 0.346875 0.0925059 0.09375 0.95
1 0.246487 0.359375 0.0831382 0.0729167 0.95
0 0.342506 0.705208 0.129977 0.185417 0.95
1 0.359485 0.366667 0.156909 0.116667 0.95
1 0.617682 0.34375 0.113583 0.104167 0.95

1 0.0480094 0.385417 0.0351288 0.0458333 0.95
0 0.683841 0.736458 0.0515222 0.11875 0.95
1 0.447307 0.347917 0.0866511 0.0916667 0.95
1 0.248829 0.358333 0.0854801 0.075 0.95
0 0.342506 0.705208 0.129977 0.185417 0.95
1 0.364169 0.366667 0.156909 0.129167 0.95
1 0.621194 0.341667 0.122951 0.104167 0.95

0 0.683255 0.735417 0.0503513 0.120833 0.95
0 0.111827 0.394792 0.0222482 0.0854167 0.95
1 0.84192 0.421875 0.0936768 0.0770833 0.95
1 0.0480094 0.385417 0.0351288 0.0458333 0.95
1 0.451405 0.344792 0.0831382 0.0895833 0.95
1 0.25 0.360417 0.087822 0.075 0.95
1 0.36534 0.367708 0.175644 0.127083 0.95
0 0.342506 0.705208 0.129977 0.185417 0.95
1 0.620609 0.341667 0.124122 0.104167 0.95

1 0.843677 0.423958 0.0948478 0.0770833 0.95
1 0.461358 0.35 0.0655738 0.0708333 0.95
1 0.0485948 0.386458 0.0362998 0.0479167 0.95
0 0.683255 0.736458 0.0503513 0.11875 0.95
1 0.25 0.360417 0.087822 0.075 0.95
1 0.368852 0.365625 0.194379 0.127083 0.95
0 0.342506 0.705208 0.129977 0.185417 0.95
1 0.620609 0.341667 0.124122 0.104167 0.95
