      0/29     1.52G   0.05928   0.01586   0.01655   0.09169        23       640    0.4111    0.4702    0.4067    0.1706   0.07217   0.02021   0.01809
      1/29     7.69G   0.04795    0.0137  0.009346     0.071        10       640    0.6446    0.5651    0.6092    0.2645   0.06256   0.02142   0.01468
      2/29     7.69G   0.04633   0.01365  0.008586   0.06857         9       640    0.5682    0.4991    0.4667    0.2182   0.06345   0.02398   0.01668
      3/29     6.96G   0.04655   0.01459  0.009525   0.07067        57       640    0.6796    0.4829    0.5297    0.2461   0.06831   0.02095   0.01553
      4/29     6.99G   0.04472   0.01435  0.008311   0.06738        29       640    0.6072    0.5621    0.5566    0.2728   0.06216   0.02267   0.01434
      5/29     6.99G   0.04366   0.01403  0.007617   0.06531        25       640    0.6642    0.5735    0.5961    0.2964   0.06258   0.02294   0.01311
      6/29     6.92G   0.04285   0.01415  0.007074   0.06408         7       640    0.7052    0.5508    0.5953    0.3086   0.05904   0.02343   0.01436
      7/29     7.79G   0.04234   0.01375  0.007105   0.06319         9       640    0.6705    0.5918    0.6244    0.3212    0.0666   0.02093   0.01136
      8/29     7.79G   0.04197   0.01364  0.006524   0.06213        10       640    0.7019    0.5507    0.6119    0.3183   0.06444   0.02172   0.01265
      9/29     7.79G   0.04177   0.01375  0.006585    0.0621         4       640    0.7354    0.6051    0.6539      0.34   0.06172   0.02141   0.01099
     10/29     7.79G    0.0408    0.0136  0.006422   0.06082        16       640    0.7045    0.6171     0.642    0.3356   0.06147   0.02172   0.01249
     11/29     7.79G   0.04005   0.01357  0.005913   0.05953         2       640    0.7365    0.6277    0.6794    0.3691   0.06096   0.02177   0.01103
     12/29     7.79G   0.03963   0.01326  0.005702   0.05859        19       640    0.7823    0.6139    0.6896    0.3657   0.06152    0.0219   0.01071
     13/29     7.79G   0.03961   0.01333  0.005499   0.05844        17       640    0.7221    0.6363    0.6797    0.3605   0.06126   0.02226   0.01132
     14/29     7.79G   0.03932   0.01287  0.005556   0.05775         6       640    0.7561     0.638    0.6897    0.3723   0.06199    0.0218   0.01211
     15/29     7.79G    0.0392   0.01315    0.0055   0.05785         5       640    0.7574    0.6335    0.6987    0.3874   0.05952     0.022   0.01052
     16/29     7.79G   0.03816   0.01299  0.005043    0.0562         3       640    0.7642    0.6591    0.7153      0.39   0.05867   0.02236   0.00973
     17/29     7.79G   0.03812   0.01271  0.004765    0.0556         7       640    0.7773    0.6539    0.7311    0.4052   0.05858   0.02201  0.009392
     18/29     7.79G   0.03752   0.01282  0.004786   0.05513        13       640    0.7627      0.66    0.7157    0.3929   0.06108   0.02102   0.01089
     19/29     7.79G   0.03716   0.01264  0.004288   0.05409         6       640     0.759    0.6705      0.72    0.4034   0.06015   0.02127   0.00964
     20/29     7.79G   0.03677   0.01266  0.004337   0.05377        10       640    0.7811    0.6754    0.7343    0.4139   0.06015   0.02121   0.01087
     21/29     7.79G   0.03657   0.01221   0.00442   0.05321         6       640    0.7609    0.6724    0.7317    0.4109   0.05911   0.02181  0.009866
     22/29     7.79G   0.03635   0.01232  0.003998   0.05267         7       640    0.7765    0.6622    0.7354    0.4196   0.05748   0.02213   0.01004
     23/29     7.79G   0.03577   0.01226  0.003801   0.05183         6       640    0.7918    0.6551    0.7312    0.4132   0.05915   0.02159  0.009716
     24/29     7.79G   0.03553   0.01236  0.003842   0.05173         3       640    0.8174    0.6614    0.7479    0.4269   0.05828    0.0216  0.009361
     25/29     7.79G   0.03495   0.01202  0.003676   0.05064        18       640    0.7825    0.6901    0.7486    0.4301   0.05839    0.0217  0.009865
     26/29     7.79G   0.03497   0.01216  0.003652   0.05078        29       640    0.7848    0.7062     0.757    0.4393   0.05727   0.02211  0.009605
     27/29     7.79G   0.03459    0.0118   0.00346   0.04985         5       640    0.8067    0.6818    0.7571    0.4434   0.05735   0.02169  0.009457
     28/29     7.79G   0.03448   0.01188  0.003277   0.04964        19       640    0.7795    0.6905    0.7529    0.4431   0.05659   0.02221  0.009616
     29/29     7.79G   0.03425   0.01171  0.003327   0.04929        32       640    0.8045    0.6788    0.7509    0.4392   0.05614   0.02278  0.009939
