     0/199     1.27G   0.05946   0.01602   0.01657   0.09205        23       640    0.5753    0.4927    0.4926    0.1987   0.06992    0.0203   0.01754
     1/199     4.63G   0.04818   0.01361  0.009248   0.07103        10       640    0.6801    0.5554    0.6117    0.2905   0.06201   0.02197   0.01539
     2/199     6.96G   0.04645   0.01372  0.008602   0.06877         9       640    0.6627    0.4746    0.5328    0.2388   0.06207   0.02419   0.01446
     3/199     7.82G   0.04731    0.0149   0.01006   0.07226        57       640    0.6138    0.4491    0.4635    0.2113   0.06932    0.0226   0.01665
     4/199     7.82G   0.04566   0.01452  0.008847   0.06903        29       640    0.7111    0.5348    0.5844    0.2799   0.06449   0.02188   0.01395
     5/199     7.82G    0.0444   0.01396  0.007856   0.06622        25       640    0.6266    0.5531    0.5736    0.2756   0.06581   0.02207   0.01236
     6/199     7.82G   0.04339   0.01407  0.007371   0.06483         7       640    0.6526    0.4809    0.5262    0.2612   0.06555   0.02345   0.01458
     7/199     7.82G   0.04288   0.01379  0.007399   0.06407         9       640    0.6879    0.6012    0.6291    0.3268   0.06217    0.0225   0.01319
     8/199     7.82G   0.04268    0.0138  0.007063   0.06355        10       640    0.7097    0.5857    0.6233    0.3303   0.06132   0.02239   0.01375
     9/199     7.82G   0.04216   0.01369  0.006673   0.06253         4       640    0.7572    0.5465    0.6217    0.3119   0.06246   0.02286   0.01339
    10/199     7.83G   0.04136   0.01368  0.006816   0.06185        16       640    0.7546    0.5911    0.6534    0.3372   0.06071   0.02238   0.01306
    11/199     7.83G   0.04084   0.01364  0.006255   0.06073         2       640    0.7639    0.5713    0.6464    0.3365    0.0628   0.02225   0.01228
    12/199     7.83G   0.04068   0.01339  0.006168   0.06024        19       640    0.7218    0.5842    0.6467    0.3391    0.0602   0.02267   0.01258
    13/199     7.83G   0.04108   0.01355  0.006142   0.06077        17       640    0.7765    0.5632     0.651    0.3439   0.06152   0.02213    0.0133
    14/199     7.83G   0.04115   0.01307  0.006124   0.06034         6       640    0.7296    0.5923    0.6393    0.3392   0.06168   0.02227   0.01368
    15/199     7.83G   0.04083   0.01341  0.006029   0.06027         5       640    0.7354      0.58    0.6463      0.34      0.06   0.02285   0.01259
    16/199     7.83G   0.03973   0.01332  0.005724   0.05877         3       640    0.7487    0.6132    0.6738    0.3539   0.05987   0.02272   0.01156
    17/199     7.83G   0.03999   0.01304  0.005635   0.05866         7       640     0.757     0.592    0.6731    0.3684   0.06031    0.0228   0.01252
    18/199     7.83G   0.03994   0.01323  0.005563   0.05874        13       640    0.7731    0.6087    0.6774    0.3629   0.05943   0.02274   0.01319
    19/199     7.83G   0.03962   0.01303  0.005154    0.0578         6       640    0.7464    0.6115    0.6776    0.3712   0.05849    0.0227   0.01209
    20/199     7.83G   0.03928   0.01312  0.005306   0.05771        10       640    0.8133    0.6006    0.6922    0.3774   0.05905   0.02242   0.01117
    21/199     7.83G   0.03967    0.0128  0.005648   0.05811         6       640    0.7042    0.6274    0.6659    0.3553   0.05955   0.02285   0.01322
    22/199     7.83G   0.04008   0.01295  0.005192   0.05822         7       640    0.7443    0.6226    0.6866    0.3665   0.05955   0.02327   0.01124
    23/199     7.83G   0.03935   0.01289   0.00524   0.05748         6       640    0.7689    0.6133    0.6888    0.3704    0.0599   0.02239   0.01119
    24/199     7.83G   0.03943   0.01327  0.005488   0.05819         3       640    0.7827    0.6089    0.6969    0.3739   0.05941    0.0232   0.01104
    25/199     7.83G   0.03906   0.01295  0.005345   0.05735        18       640    0.7572    0.6221    0.6921    0.3808   0.05942   0.02329   0.01123
    26/199     7.83G   0.03893   0.01309  0.005166   0.05718        29       640    0.7534    0.6389    0.7073    0.3834   0.06027   0.02235   0.01123
    27/199     7.83G   0.03889   0.01261   0.00518   0.05668         5       640    0.7641    0.6172    0.6928    0.3871   0.06043   0.02211   0.01094
    28/199     7.83G   0.03872   0.01271  0.004684   0.05612        19       640    0.7549    0.6394    0.6965    0.3812   0.05947   0.02257   0.01111
    29/199     7.83G   0.03853   0.01264  0.004669   0.05584        32       640    0.7663    0.6456    0.7086    0.3824   0.06008     0.022   0.01059
    30/199     7.83G   0.03919   0.01281  0.004864   0.05686        13       640     0.767    0.6398    0.7028    0.3871   0.06073   0.02232   0.01118
    31/199     7.83G   0.03845   0.01274  0.004711    0.0559         7       640    0.7495    0.6693    0.7221     0.402   0.06074    0.0215     0.011
    32/199     7.83G   0.03846   0.01256  0.004709   0.05574        21       640    0.7886    0.6323     0.709    0.3925   0.06021   0.02207   0.01134
    33/199     7.83G   0.03811   0.01273  0.004467   0.05531        12       640    0.7799    0.6363    0.7014     0.387   0.05986   0.02265   0.01055
    34/199     7.83G   0.03786   0.01262  0.004577   0.05506         4       640    0.7271    0.6628    0.6977    0.3877   0.05946   0.02241   0.01135
    35/199     7.83G   0.03849    0.0126  0.004908     0.056        11       640    0.7354    0.6681    0.7079     0.389   0.05901   0.02233   0.01113
    36/199     7.83G   0.03791   0.01266  0.004592   0.05516         7       640    0.7486    0.6656    0.7062    0.3865   0.05952   0.02265   0.01071
    37/199     7.83G   0.03772   0.01257   0.00449   0.05478        18       640    0.7493    0.6421    0.7059    0.3893   0.05896   0.02314   0.01018
    38/199     7.83G   0.03775   0.01238  0.004413   0.05454        18       640    0.7483    0.6602    0.7124    0.3995   0.05835   0.02301   0.01158
    39/199     7.83G   0.03744   0.01275  0.004366   0.05456         4       640    0.7543    0.6343    0.7006    0.3984   0.05812   0.02294   0.01186
    40/199     7.83G   0.03797    0.0124  0.004642   0.05501        15       640    0.7514    0.6465    0.7148    0.3934   0.05799   0.02283    0.0104
    41/199     7.83G   0.03762   0.01243  0.004505   0.05455         7       640    0.7506    0.6829    0.7179    0.4058   0.05821   0.02309   0.01144
    42/199     7.83G   0.03774   0.01266  0.004498   0.05489         4       640    0.7612    0.6782     0.732    0.4077   0.05796    0.0226  0.009781
    43/199     7.83G   0.03758   0.01245  0.004326   0.05436        15       640    0.7791    0.6513    0.7148    0.3977   0.05812   0.02265   0.01065
    44/199     7.83G   0.03762   0.01255  0.004438   0.05461        24       640    0.7624    0.6741     0.721    0.4159   0.05713   0.02338   0.01056
    45/199     7.83G   0.03748   0.01237  0.004417   0.05427         3       640    0.7725    0.6664     0.712    0.3972   0.05745    0.0233   0.01041
    46/199     7.83G   0.03728   0.01218  0.004238    0.0537         8       640     0.766    0.6831    0.7316    0.4092   0.05675   0.02335  0.009952
    47/199     7.83G   0.03719   0.01246  0.004214   0.05386         9       640    0.7905    0.6596    0.7278    0.4147   0.05809   0.02299   0.01074
    48/199     7.83G   0.03714   0.01243  0.004206   0.05377         7       640    0.7811     0.642    0.7204    0.4111   0.05877   0.02233   0.01071
    49/199     7.83G   0.03686   0.01227  0.004327   0.05345        10       640    0.7553    0.6556     0.724    0.4091   0.05728   0.02329   0.01078
    50/199     7.83G   0.03743   0.01244   0.00447   0.05434         8       640    0.7576    0.6786    0.7241    0.4147   0.05741   0.02354   0.01009
    51/199     7.83G   0.03759   0.01228  0.004307   0.05418         4       640    0.7247    0.6891    0.7262    0.4089   0.05719   0.02388   0.01033
    52/199     7.83G    0.0372   0.01225  0.003975   0.05342        52       640    0.7744    0.6691    0.7283    0.4113   0.05682   0.02376   0.01031
    53/199     7.83G   0.03728   0.01228   0.00399   0.05355         1       640    0.7378    0.6812    0.7316    0.4159   0.05724   0.02329   0.01002
    54/199     7.83G   0.03733   0.01246  0.004049   0.05384        24       640    0.7665    0.6594    0.7219    0.4162   0.05742   0.02276    0.0111
    55/199     7.83G   0.03691   0.01244  0.004163   0.05351        26       640      0.75    0.6625     0.722    0.4181   0.05713   0.02294   0.01111
    56/199     7.83G   0.03658   0.01215  0.004126   0.05285        12       640    0.8004    0.6616    0.7339    0.4126   0.05728   0.02365   0.01026
    57/199     7.83G   0.03657   0.01189  0.003934    0.0524         1       640    0.7626    0.6721    0.7261    0.4143   0.05665   0.02377   0.01058
    58/199     7.83G   0.03661   0.01193   0.00379   0.05233         2       640    0.7878    0.6606    0.7297    0.4225   0.05689   0.02399   0.01073
    59/199     7.83G    0.0366   0.01221  0.003865   0.05267        19       640    0.8057    0.6586    0.7233    0.4169   0.05885   0.02313   0.01064
    60/199     7.83G   0.03641   0.01209  0.003951   0.05245        20       640    0.7758    0.6706    0.7347    0.4168   0.05906   0.02224  0.009796
    61/199     7.83G   0.03625   0.01204  0.003945   0.05224         3       640    0.7865    0.6634    0.7258    0.4117   0.05976   0.02225   0.01057
    62/199     7.83G   0.03707   0.01213  0.004089   0.05328        21       640    0.7561    0.6763    0.7195    0.4157   0.05972   0.02245   0.01098
    63/199     7.83G   0.03624   0.01236  0.003767   0.05237        14       640    0.7513    0.6741    0.7243    0.4144   0.05735   0.02342   0.01102
    64/199     7.83G   0.03603   0.01236  0.003652   0.05204        24       640    0.7907    0.6639    0.7273    0.4184   0.05564   0.02396   0.01078
    65/199     7.83G   0.03603   0.01238   0.00375   0.05217         1       640    0.7741    0.6801    0.7382    0.4217    0.0562   0.02313   0.01068
    66/199     7.83G   0.03609   0.01229  0.003628   0.05201         8       640    0.7535     0.677    0.7288    0.4122   0.05502   0.02308   0.01064
    67/199     7.83G   0.03585   0.01248  0.003439   0.05176        14       640    0.7618    0.6766    0.7296    0.4186   0.05326   0.02368   0.01045
    68/199     7.83G    0.0363   0.01248  0.003781   0.05256        19       640    0.7833    0.6494    0.7213    0.4108   0.05478    0.0229  0.009766
    69/199     7.83G   0.03569   0.01288  0.003722   0.05229        33       640    0.7607    0.6784     0.729    0.4195   0.05373   0.02364    0.0101
    70/199     7.83G   0.03506   0.01301  0.003533   0.05161        12       640    0.7966    0.6803    0.7458    0.4282   0.05297    0.0239  0.009254
    71/199     7.83G   0.03448   0.01286  0.003279   0.05062         9       640    0.7689    0.6669    0.7255    0.4188   0.05312   0.02374   0.01044
    72/199     7.83G   0.03416   0.01257  0.003453   0.05018         2       640    0.7906    0.6771    0.7367    0.4221   0.05295   0.02363   0.01014
    73/199     7.83G   0.03411   0.01296   0.00333    0.0504         4       640    0.7885    0.6741    0.7375    0.4259   0.05294   0.02327    0.0098
    74/199     7.83G   0.03444   0.01255   0.00335   0.05034         9       640     0.761     0.695    0.7412    0.4298   0.05283   0.02351   0.00944
    75/199     7.83G   0.03411   0.01306  0.003376   0.05054         8       640    0.7574    0.7072    0.7465    0.4338   0.05231   0.02365  0.009427
    76/199     7.83G   0.03378   0.01238  0.003344    0.0495        12       640    0.8085    0.6693    0.7414    0.4311   0.05278   0.02354  0.009288
    77/199     7.83G   0.03401   0.01285  0.003374   0.05023        25       640    0.7984    0.6752     0.742    0.4351    0.0523   0.02337   0.00939
    78/199     7.83G   0.03358   0.01271  0.003247   0.04954        40       640    0.7971    0.6695    0.7403    0.4275   0.05138   0.02413  0.009834
    79/199     7.83G   0.03338   0.01253  0.003056   0.04896         3       640    0.7594    0.7142    0.7437    0.4299   0.05158   0.02407  0.009967
    80/199     7.83G   0.03328   0.01253   0.00306   0.04887         4       640    0.7972    0.6782     0.738    0.4313   0.05179    0.0241  0.009495
    81/199     7.83G   0.03306   0.01239  0.002947    0.0484         2       640    0.7584    0.7029    0.7425    0.4308   0.05153   0.02412  0.009923
    82/199     7.83G   0.03278   0.01234  0.002996   0.04811         3       640    0.7962     0.689    0.7516    0.4339   0.05096   0.02386   0.00914
    83/199     7.83G   0.03315   0.01228  0.002994   0.04842        14       640    0.8033    0.6818     0.754    0.4386   0.05129   0.02389  0.008993
    84/199     7.83G   0.03309   0.01258  0.002964   0.04863         8       640    0.7729     0.697    0.7431    0.4336   0.05196   0.02377  0.009255
    85/199     7.83G   0.03297   0.01234  0.003161   0.04847        11       640    0.7897    0.6883    0.7503    0.4376   0.05143   0.02378  0.009346
    86/199     7.83G   0.03275   0.01238  0.003015   0.04815         3       640    0.7738    0.6955    0.7422    0.4279   0.05203   0.02391   0.01034
    87/199     7.83G    0.0325   0.01209  0.003014   0.04761         5       640    0.7599    0.7109    0.7436    0.4317   0.05155   0.02415  0.009402
    88/199     7.83G   0.03265   0.01219   0.00278   0.04763        10       640    0.8022    0.6825     0.747    0.4352   0.05155   0.02438  0.009452
    89/199     7.83G   0.03246   0.01226  0.002747   0.04746        24       640    0.7766    0.7008    0.7427    0.4319   0.05109   0.02445  0.009843
    90/199     7.83G   0.03258   0.01242    0.0028    0.0478         7       640    0.7958    0.6789    0.7477    0.4334   0.05106   0.02425  0.009617
    91/199     7.83G   0.03264   0.01244  0.002852   0.04793         2       640    0.8096    0.6732    0.7488    0.4324   0.05067    0.0243  0.009275
    92/199     7.83G   0.03239   0.01245  0.002832   0.04768        19       640    0.8036    0.6695    0.7489     0.434    0.0508   0.02411  0.009725
    93/199     7.83G   0.03252   0.01231  0.002841   0.04768         7       640    0.8046    0.6768    0.7472      0.43    0.0507   0.02447   0.01022
    94/199     7.83G   0.03245   0.01215  0.002778   0.04737         5       640    0.8191    0.6803    0.7514    0.4349   0.05077   0.02441   0.01002
    95/199     7.83G   0.03231   0.01228  0.002766   0.04736         5       640    0.8057    0.6843    0.7477    0.4304   0.05123   0.02456   0.01028
    96/199     6.99G   0.03223   0.01226  0.002706   0.04719         2       640    0.8021    0.6838    0.7493    0.4345   0.05094   0.02442  0.009623
    97/199     6.91G   0.03188   0.01198  0.002664   0.04652         9       640    0.8036    0.6827    0.7467    0.4352   0.05138   0.02455  0.009814
    98/199     7.78G   0.03211   0.01217  0.002778   0.04705         6       640    0.7712    0.7052    0.7465    0.4334   0.05106   0.02455  0.009779
    99/199     7.78G   0.03237   0.01221  0.002759   0.04734         6       640    0.8126    0.6827    0.7544    0.4384   0.05087   0.02465  0.009669
   100/199     7.78G   0.03174   0.01202  0.002609   0.04637        20       640    0.7756    0.7029    0.7525    0.4386   0.05077   0.02465   0.01002
   101/199     7.78G   0.03171   0.01212  0.002647   0.04647         8       640    0.7826    0.7029    0.7503    0.4398   0.05077     0.025    0.0099
   102/199     7.78G   0.03191   0.01213  0.002535   0.04657        23       640    0.7782     0.692    0.7445    0.4379   0.05074    0.0248  0.009922
   103/199     7.78G   0.03205   0.01234  0.002697   0.04709        18       640    0.7831    0.6874      0.74    0.4331   0.05061   0.02482   0.01021
   104/199     7.78G   0.03195   0.01224  0.002712    0.0469        18       640     0.808    0.6724    0.7473    0.4337   0.05058   0.02502  0.009573
   105/199     7.78G   0.03151   0.01175  0.002423   0.04569        12       640    0.7886    0.6886    0.7465    0.4343   0.05036   0.02481   0.01001
   106/199     7.78G   0.03142    0.0122  0.002472   0.04609         7       640     0.797    0.6913    0.7454    0.4358   0.05034   0.02496  0.009837
   107/199     7.78G   0.03136   0.01192  0.002525    0.0458        18       640    0.7902    0.6977    0.7501    0.4357   0.05005   0.02502  0.009503
   108/199     7.78G    0.0314   0.01203  0.002557   0.04599         9       640    0.8167    0.6843     0.749    0.4344   0.05006   0.02524  0.009299
   109/199     7.78G    0.0314    0.0121  0.002554   0.04606        15       640    0.8005    0.6954    0.7497    0.4337   0.04995   0.02509   0.01004
   110/199     7.78G   0.03114   0.01185  0.002341   0.04533        22       640     0.815    0.6837    0.7515    0.4356   0.04987   0.02512  0.009722
   111/199     7.78G   0.03123   0.01193  0.002457   0.04562         6       640    0.8088    0.6895    0.7547    0.4403   0.04993   0.02515  0.009757
   112/199     7.78G   0.03101   0.01156    0.0024   0.04497        11       640    0.7867    0.7023    0.7556    0.4416   0.04976   0.02516  0.009427
   113/199     7.78G   0.03088   0.01172  0.002378   0.04497         7       640    0.8013    0.6889    0.7517    0.4389   0.04989   0.02515  0.009359
   114/199     7.78G   0.03098   0.01194  0.002361   0.04528         4       640    0.7995    0.6959    0.7522    0.4418    0.0499   0.02531  0.009584
   115/199     7.78G   0.03081   0.01181   0.00238   0.04499        30       640    0.7823    0.7066    0.7531    0.4425   0.04993   0.02542   0.00982
   116/199     7.78G   0.03055    0.0119  0.002253    0.0447         3       640    0.7731     0.716    0.7528    0.4402    0.0498   0.02564  0.009695
   117/199     7.78G   0.03091   0.01152  0.002368   0.04479         9       640    0.7669    0.7229     0.753    0.4408   0.04968   0.02568  0.009431
   118/199     7.78G   0.03065   0.01177  0.002317   0.04474        17       640    0.7634    0.7142    0.7507    0.4401   0.04969   0.02558  0.009761
   119/199     7.78G   0.03052    0.0116  0.002237   0.04436        14       640    0.7719       0.7    0.7499    0.4422   0.04952   0.02563    0.0098
   120/199     7.78G   0.03032   0.01165  0.002285   0.04426        15       640    0.7986    0.6967    0.7517    0.4431   0.04947   0.02558   0.00959
   121/199     7.78G   0.03052   0.01166  0.002494   0.04468        16       640    0.7746    0.7191    0.7539    0.4444   0.04946   0.02565  0.009232
   122/199     7.78G   0.03049   0.01155  0.002353   0.04439         7       640     0.803    0.6893    0.7503    0.4436   0.04943   0.02579    0.0093
   123/199     7.78G   0.03025   0.01174  0.002287   0.04427        16       640    0.7793    0.7106    0.7475    0.4424   0.04944   0.02582  0.009299
   124/199     7.78G   0.03043    0.0117  0.002252   0.04438        40       640     0.794    0.6976    0.7492    0.4431   0.04941   0.02578  0.009402
   125/199     7.78G   0.03025   0.01167  0.002254   0.04417        16       640    0.8242    0.6748     0.747    0.4406   0.04947   0.02589  0.009535
   126/199     7.78G    0.0304   0.01176  0.002208   0.04437        22       640     0.789     0.697    0.7438    0.4378   0.04945   0.02596   0.00961
   127/199     7.78G   0.03011   0.01143  0.002193   0.04374         9       640    0.7996    0.6951    0.7428    0.4377    0.0495   0.02601  0.009547
   128/199     7.78G   0.03033   0.01144  0.002266   0.04403        14       640    0.7936    0.7007     0.747     0.437   0.04948   0.02582  0.009381
   129/199     7.78G   0.02989   0.01142  0.002202   0.04352         6       640    0.8002    0.6918    0.7475    0.4384   0.04949   0.02585  0.009445
   130/199     7.78G   0.02979    0.0116  0.002128   0.04352        13       640    0.7815     0.706    0.7491    0.4423   0.04928   0.02592  0.009464
   131/199     7.78G   0.02988   0.01153  0.002184   0.04359         6       640    0.7873     0.707    0.7517    0.4434    0.0492   0.02592  0.009507
   132/199     7.78G    0.0299   0.01131  0.002202   0.04341        19       640    0.7931    0.7081     0.755     0.444   0.04907     0.026  0.009582
   133/199     7.78G   0.02991   0.01164  0.002171   0.04371        28       640    0.7998    0.7059    0.7528    0.4423   0.04911     0.026  0.009766
   134/199     7.78G   0.02966   0.01166  0.002127   0.04345        18       640    0.8236    0.6919    0.7525    0.4424   0.04897     0.026  0.009667
   135/199     7.78G   0.02939   0.01119  0.002024   0.04261         7       640    0.8089    0.7016    0.7581    0.4461   0.04894   0.02613  0.009692
   136/199     7.78G    0.0294   0.01124  0.002048   0.04268         6       640    0.8101    0.6969    0.7578    0.4454     0.049   0.02614  0.009665
   137/199     7.78G   0.02939   0.01127  0.001975   0.04263         5       640      0.81    0.7027    0.7581    0.4464   0.04905   0.02616  0.009805
   138/199     7.78G   0.02922   0.01124  0.001889   0.04236         3       640    0.7744    0.7301    0.7574    0.4447     0.049   0.02621  0.009989
   139/199     7.78G   0.02938   0.01138  0.002061   0.04282        33       640    0.7711    0.7311    0.7568    0.4462    0.0488   0.02638  0.009968
   140/199     7.79G   0.02931   0.01129  0.002008   0.04261        59       640    0.8099    0.7024    0.7554    0.4441   0.04878    0.0265  0.009939
   141/199     7.79G   0.02911   0.01106  0.001933    0.0421        15       640      0.81    0.7018    0.7552    0.4417   0.04881   0.02659   0.00986
   142/199     7.79G   0.02911   0.01135  0.002035    0.0425        21       640    0.7936    0.7144    0.7539    0.4415   0.04878   0.02668  0.009916
   143/199     7.79G   0.02889   0.01131  0.001991   0.04219         4       640    0.8041    0.7032    0.7534    0.4417   0.04875   0.02661   0.01004
   144/199     7.79G   0.02928   0.01118   0.00203   0.04249        12       640    0.8056    0.6976    0.7522    0.4408   0.04873   0.02663   0.01009
   145/199     7.79G   0.02896   0.01131  0.001988   0.04226        28       640    0.8209    0.6884     0.752    0.4398   0.04868    0.0267   0.01019
   146/199     7.79G   0.02889   0.01109   0.00196   0.04194        31       640    0.8215    0.6935    0.7512     0.441   0.04862   0.02676   0.01013
   147/199     7.79G   0.02881   0.01091  0.001836   0.04155         2       640    0.8142    0.6996     0.753    0.4417    0.0486   0.02685   0.01001
   148/199     7.79G   0.02879   0.01111  0.001857   0.04175        11       640     0.803    0.7074    0.7528    0.4414   0.04865   0.02696   0.01001
   149/199     7.79G   0.02868   0.01122  0.001939   0.04185         7       640    0.8108    0.7023    0.7515    0.4408   0.04874   0.02697   0.01002
   150/199     7.79G   0.02845   0.01099  0.001888   0.04133         4       640    0.8054    0.7054    0.7509      0.44   0.04878   0.02697   0.01014
   151/199     7.79G   0.02857   0.01126  0.001769    0.0416         9       640    0.8048    0.7041    0.7491    0.4396   0.04881   0.02698    0.0102
   152/199     7.79G   0.02829   0.01085  0.001813   0.04096        18       640    0.7988     0.706    0.7453    0.4385   0.04883     0.027   0.01033
   153/199     7.79G   0.02838   0.01092  0.001911   0.04122        15       640    0.8003    0.7054    0.7447    0.4373    0.0488   0.02706   0.01034
   154/199     7.79G    0.0284   0.01096  0.001935   0.04129         5       640    0.7992    0.7069    0.7447    0.4373    0.0488   0.02712   0.01039
   155/199     7.79G   0.02827   0.01084  0.001725   0.04084        16       640    0.8057    0.6984     0.744    0.4382   0.04878   0.02713   0.01044
   156/199     7.79G   0.02829   0.01101  0.001787    0.0411         7       640    0.7987    0.7027    0.7423    0.4368   0.04879   0.02721   0.01043
   157/199     7.79G   0.02828   0.01089  0.001779   0.04095         4       640    0.8061    0.6991    0.7416    0.4364   0.04876   0.02725   0.01046
   158/199     7.79G   0.02802   0.01089  0.001743   0.04065         6       640    0.7994     0.699    0.7409    0.4361   0.04872   0.02726   0.01048
   159/199     7.79G   0.02811   0.01074  0.001705   0.04055        12       640    0.8013    0.6958    0.7402    0.4351   0.04868   0.02728   0.01049
   160/199     7.79G   0.02789   0.01076  0.001772   0.04042         3       640    0.7959    0.6978    0.7416    0.4354   0.04868   0.02733   0.01044
   161/199     7.79G    0.0276   0.01075  0.001747   0.04009        22       640    0.7949     0.699    0.7425     0.436   0.04869   0.02736    0.0104
   162/199     7.79G     0.028    0.0109  0.001665   0.04056        15       640    0.7867    0.7039    0.7425    0.4361   0.04867   0.02741   0.01041
   163/199     7.79G   0.02791   0.01089  0.001716   0.04052        18       640    0.7797     0.708    0.7418     0.436   0.04864   0.02744   0.01045
   164/199     7.79G   0.02767   0.01083  0.001664   0.04016        34       640    0.7883    0.7001    0.7418    0.4362   0.04863   0.02752    0.0105
   165/199     7.79G   0.02766   0.01059  0.001792   0.04004         4       640    0.7815    0.7089    0.7423    0.4368   0.04863   0.02755    0.0105
   166/199     7.79G   0.02758   0.01089  0.001769   0.04024         5       640    0.7881    0.7027    0.7421    0.4372   0.04863   0.02757   0.01052
   167/199     7.79G   0.02769   0.01074  0.001765    0.0402        11       640    0.7889    0.7074    0.7444    0.4377   0.04861   0.02766    0.0105
   168/199     7.79G   0.02733   0.01073  0.001603   0.03967        12       640    0.7901    0.7046    0.7424    0.4375   0.04859   0.02772   0.01047
   169/199     7.79G    0.0277   0.01068  0.001697   0.04008        12       640    0.7909    0.7024    0.7426    0.4375   0.04857   0.02778   0.01046
   170/199     7.79G   0.02771   0.01058  0.001647   0.03993         7       640    0.8088    0.6894    0.7431    0.4367   0.04855   0.02787   0.01044
   171/199     7.79G   0.02721   0.01054  0.001668   0.03942        25       640    0.8043    0.6942    0.7438    0.4372   0.04854   0.02792   0.01044
   172/199     7.79G   0.02707   0.01042  0.001648   0.03913        29       640    0.8059    0.6947    0.7436    0.4371   0.04853   0.02797   0.01043
   173/199     7.79G   0.02752   0.01067  0.001727   0.03992         6       640    0.7977    0.7002    0.7434    0.4377    0.0485     0.028   0.01041
   174/199     7.79G   0.02742   0.01058  0.001618   0.03962         3       640       0.8    0.7048    0.7462    0.4386   0.04851   0.02804   0.01037
   175/199     7.79G   0.02684   0.01063  0.001578   0.03905        27       640    0.7993    0.7049    0.7465     0.439    0.0485   0.02808   0.01035
   176/199     7.79G   0.02734    0.0107  0.001696   0.03974        10       640    0.7971    0.7065    0.7465     0.439   0.04849   0.02813   0.01035
   177/199     7.79G   0.02692   0.01065   0.00166   0.03923        19       640    0.8169    0.6923    0.7464    0.4388   0.04847   0.02817   0.01031
   178/199     7.79G   0.02725   0.01078  0.001671   0.03971         7       640    0.8077    0.7017    0.7479    0.4393   0.04846   0.02821   0.01027
   179/199     7.79G    0.0269   0.01039  0.001522   0.03881         4       640    0.8131    0.6974    0.7471    0.4398   0.04846   0.02827   0.01027
   180/199     7.79G   0.02682   0.01026    0.0015   0.03859        34       640    0.8125    0.6957    0.7472     0.439   0.04845   0.02834   0.01029
   181/199     7.79G   0.02689   0.01053  0.001496   0.03892        14       640    0.8086    0.6982    0.7475    0.4389   0.04844   0.02838   0.01028
   182/199     7.79G   0.02685   0.01024  0.001582   0.03867        25       640     0.817    0.6932    0.7474     0.439   0.04842   0.02841   0.01027
   183/199     7.79G   0.02647   0.01036  0.001597   0.03843        28       640    0.8136    0.6941    0.7477    0.4388    0.0484   0.02843   0.01027
   184/199     7.79G   0.02683   0.01051  0.001571   0.03892         6       640    0.8273    0.6829    0.7465    0.4383    0.0484   0.02847   0.01028
   185/199     7.79G   0.02662   0.01043  0.001463   0.03851        26       640    0.8218    0.6862    0.7458    0.4385    0.0484   0.02849   0.01027
   186/199     7.79G   0.02685   0.01048  0.001542   0.03888         2       640    0.8246    0.6853    0.7471    0.4385    0.0484   0.02851   0.01029
   187/199     7.79G   0.02667   0.01015  0.001503   0.03833         5       640    0.8223    0.6878    0.7467    0.4378   0.04839   0.02854   0.01031
   188/199     7.79G   0.02667   0.01052  0.001554   0.03874         4       640    0.8239    0.6849    0.7467    0.4378   0.04839   0.02857   0.01033
   189/199     7.79G   0.02702   0.01051  0.001577   0.03911         9       640    0.8184      0.69    0.7455    0.4372   0.04839   0.02861   0.01036
   190/199     7.79G   0.02663   0.01027  0.001537   0.03844        29       640    0.8162    0.6914    0.7462    0.4372    0.0484   0.02864   0.01036
   191/199     7.79G   0.02632   0.01017  0.001351   0.03784         6       640    0.8233    0.6856     0.746    0.4371   0.04839   0.02867   0.01035
   192/199     7.79G   0.02684    0.0104  0.001492   0.03873        19       640     0.802    0.7005    0.7456    0.4365   0.04839   0.02869   0.01034
   193/199     7.79G   0.02631   0.01028  0.001551   0.03814        13       640    0.8221    0.6848    0.7452    0.4361   0.04838   0.02872   0.01033
   194/199     7.79G   0.02642   0.01027  0.001456   0.03814        10       640    0.8115    0.6935    0.7452    0.4362   0.04837   0.02875   0.01032
   195/199     7.79G   0.02633   0.01028  0.001546   0.03815         3       640    0.8144    0.6904    0.7449    0.4361   0.04837   0.02875   0.01032
   196/199     7.79G   0.02644   0.01045  0.001511    0.0384         3       640    0.8175    0.6867    0.7447    0.4363   0.04837   0.02877   0.01031
   197/199     7.79G   0.02611   0.01022  0.001423   0.03775        18       640    0.8114    0.6921    0.7448    0.4359   0.04836   0.02879    0.0103
   198/199     7.79G   0.02633   0.01034  0.001505   0.03818        10       640    0.8118    0.6931    0.7463    0.4363   0.04836   0.02883   0.01029
   199/199     7.79G   0.02624   0.01009  0.001424   0.03775        11       640    0.8154    0.6928    0.7449    0.4357   0.04835   0.02886   0.01028
